92
0
==================================
1
70  combinations
length:  2
['normal', [[1, 8], [5, 7], [8, 6], [6, 5], [3, 4], [7, 3], [2, 2], [4, 1]]]
['normal', [[6, 8], [3, 7], [5, 6], [7, 5], [1, 4], [4, 3], [2, 2], [8, 1]]]
==================================
2
70  combinations
length:  2
['normal', [[3, 8], [7, 7], [2, 6], [8, 5], [6, 4], [4, 3], [1, 2], [5, 1]]]
['normal', [[5, 8], [7, 7], [4, 6], [1, 5], [3, 4], [8, 3], [6, 2], [2, 1]]]
==================================
3
70  combinations
length:  2
['normal', [[2, 8], [6, 7], [8, 6], [3, 5], [1, 4], [4, 3], [7, 2], [5, 1]]]
['normal', [[6, 8], [2, 7], [7, 6], [1, 5], [3, 4], [5, 3], [8, 2], [4, 1]]]
==================================
4
70  combinations
length:  0
==================================
5
70  combinations
length:  2
['normal', [[4, 8], [2, 7], [8, 6], [6, 5], [1, 4], [3, 3], [5, 2], [7, 1]]]
['normal', [[6, 8], [1, 7], [5, 6], [2, 5], [8, 4], [3, 3], [7, 2], [4, 1]]]
==================================
6
70  combinations
length:  0
==================================
7
70  combinations
length:  4
['normal', [[5, 8], [3, 7], [8, 6], [4, 5], [7, 4], [1, 3], [6, 2], [2, 1]]]
['normal', [[5, 8], [8, 7], [4, 6], [1, 5], [7, 4], [2, 3], [6, 2], [3, 1]]]
['normal', [[6, 8], [4, 7], [2, 6], [8, 5], [5, 4], [7, 3], [1, 2], [3, 1]]]
['normal', [[7, 8], [4, 7], [2, 6], [8, 5], [6, 4], [1, 3], [3, 2], [5, 1]]]
==================================
8
70  combinations
length:  0
==================================
0.034189247991889715
