724
92
==================================
1
252  combinations
length:  0
==================================
2
252  combinations
length:  0
==================================
3
252  combinations
length:  0
==================================
4
252  combinations
length:  32
['XY_projection', [[6, 10], [4, 9], [7, 8], [10, 7], [8, 6], [3, 5], [1, 4], [9, 3], [2, 2], [5, 1]]]
['XY_projection', [[6, 10], [9, 9], [2, 8], [10, 7], [8, 6], [3, 5], [1, 4], [4, 3], [7, 2], [5, 1]]]
['XY_projection', [[7, 10], [3, 9], [6, 8], [8, 7], [10, 6], [1, 5], [9, 4], [5, 3], [2, 2], [4, 1]]]
['XY_projection', [[7, 10], [9, 9], [6, 8], [2, 7], [10, 6], [1, 5], [3, 4], [5, 3], [8, 2], [4, 1]]]
['X_Y_exchange', [[6, 10], [4, 9], [7, 8], [10, 7], [8, 6], [3, 5], [1, 4], [9, 3], [2, 2], [5, 1]]]
['X_Y_exchange', [[6, 10], [9, 9], [2, 8], [10, 7], [8, 6], [3, 5], [1, 4], [4, 3], [7, 2], [5, 1]]]
['X_Y_exchange', [[7, 10], [3, 9], [6, 8], [8, 7], [10, 6], [1, 5], [9, 4], [5, 3], [2, 2], [4, 1]]]
['X_Y_exchange', [[7, 10], [9, 9], [6, 8], [2, 7], [10, 6], [1, 5], [3, 4], [5, 3], [8, 2], [4, 1]]]
['X_projection', [[4, 10], [2, 9], [5, 8], [9, 7], [1, 6], [10, 5], [8, 4], [6, 3], [3, 2], [7, 1]]]
['X_projection', [[4, 10], [8, 9], [5, 8], [3, 7], [1, 6], [10, 5], [2, 4], [6, 3], [9, 2], [7, 1]]]
['X_projection', [[5, 10], [2, 9], [9, 8], [1, 7], [3, 6], [8, 5], [10, 4], [7, 3], [4, 2], [6, 1]]]
['X_projection', [[5, 10], [7, 9], [4, 8], [1, 7], [3, 6], [8, 5], [10, 4], [2, 3], [9, 2], [6, 1]]]
['Y_projection', [[4, 10], [2, 9], [5, 8], [9, 7], [1, 6], [10, 5], [8, 4], [6, 3], [3, 2], [7, 1]]]
['Y_projection', [[4, 10], [8, 9], [5, 8], [3, 7], [1, 6], [10, 5], [2, 4], [6, 3], [9, 2], [7, 1]]]
['Y_projection', [[5, 10], [2, 9], [9, 8], [1, 7], [3, 6], [8, 5], [10, 4], [7, 3], [4, 2], [6, 1]]]
['Y_projection', [[5, 10], [7, 9], [4, 8], [1, 7], [3, 6], [8, 5], [10, 4], [2, 3], [9, 2], [6, 1]]]
['normal', [[6, 10], [4, 9], [7, 8], [10, 7], [8, 6], [3, 5], [1, 4], [9, 3], [2, 2], [5, 1]]]
['normal', [[6, 10], [9, 9], [2, 8], [10, 7], [8, 6], [3, 5], [1, 4], [4, 3], [7, 2], [5, 1]]]
['normal', [[7, 10], [3, 9], [6, 8], [8, 7], [10, 6], [1, 5], [9, 4], [5, 3], [2, 2], [4, 1]]]
['normal', [[7, 10], [9, 9], [6, 8], [2, 7], [10, 6], [1, 5], [3, 4], [5, 3], [8, 2], [4, 1]]]
['rotate_180', [[6, 10], [4, 9], [7, 8], [10, 7], [8, 6], [3, 5], [1, 4], [9, 3], [2, 2], [5, 1]]]
['rotate_180', [[6, 10], [9, 9], [2, 8], [10, 7], [8, 6], [3, 5], [1, 4], [4, 3], [7, 2], [5, 1]]]
['rotate_180', [[7, 10], [3, 9], [6, 8], [8, 7], [10, 6], [1, 5], [9, 4], [5, 3], [2, 2], [4, 1]]]
['rotate_180', [[7, 10], [9, 9], [6, 8], [2, 7], [10, 6], [1, 5], [3, 4], [5, 3], [8, 2], [4, 1]]]
['rotate_270', [[4, 10], [2, 9], [5, 8], [9, 7], [1, 6], [10, 5], [8, 4], [6, 3], [3, 2], [7, 1]]]
['rotate_270', [[4, 10], [8, 9], [5, 8], [3, 7], [1, 6], [10, 5], [2, 4], [6, 3], [9, 2], [7, 1]]]
['rotate_270', [[5, 10], [2, 9], [9, 8], [1, 7], [3, 6], [8, 5], [10, 4], [7, 3], [4, 2], [6, 1]]]
['rotate_270', [[5, 10], [7, 9], [4, 8], [1, 7], [3, 6], [8, 5], [10, 4], [2, 3], [9, 2], [6, 1]]]
['rotate_90', [[4, 10], [2, 9], [5, 8], [9, 7], [1, 6], [10, 5], [8, 4], [6, 3], [3, 2], [7, 1]]]
['rotate_90', [[4, 10], [8, 9], [5, 8], [3, 7], [1, 6], [10, 5], [2, 4], [6, 3], [9, 2], [7, 1]]]
['rotate_90', [[5, 10], [2, 9], [9, 8], [1, 7], [3, 6], [8, 5], [10, 4], [7, 3], [4, 2], [6, 1]]]
['rotate_90', [[5, 10], [7, 9], [4, 8], [1, 7], [3, 6], [8, 5], [10, 4], [2, 3], [9, 2], [6, 1]]]
==================================
5
252  combinations
length:  0
==================================
6
252  combinations
length:  0
==================================
7
252  combinations
length:  32
['XY_projection', [[4, 10], [2, 9], [5, 8], [9, 7], [1, 6], [10, 5], [8, 4], [6, 3], [3, 2], [7, 1]]]
['XY_projection', [[4, 10], [8, 9], [5, 8], [3, 7], [1, 6], [10, 5], [2, 4], [6, 3], [9, 2], [7, 1]]]
['XY_projection', [[5, 10], [2, 9], [9, 8], [1, 7], [3, 6], [8, 5], [10, 4], [7, 3], [4, 2], [6, 1]]]
['XY_projection', [[5, 10], [7, 9], [4, 8], [1, 7], [3, 6], [8, 5], [10, 4], [2, 3], [9, 2], [6, 1]]]
['X_Y_exchange', [[4, 10], [2, 9], [5, 8], [9, 7], [1, 6], [10, 5], [8, 4], [6, 3], [3, 2], [7, 1]]]
['X_Y_exchange', [[4, 10], [8, 9], [5, 8], [3, 7], [1, 6], [10, 5], [2, 4], [6, 3], [9, 2], [7, 1]]]
['X_Y_exchange', [[5, 10], [2, 9], [9, 8], [1, 7], [3, 6], [8, 5], [10, 4], [7, 3], [4, 2], [6, 1]]]
['X_Y_exchange', [[5, 10], [7, 9], [4, 8], [1, 7], [3, 6], [8, 5], [10, 4], [2, 3], [9, 2], [6, 1]]]
['X_projection', [[6, 10], [4, 9], [7, 8], [10, 7], [8, 6], [3, 5], [1, 4], [9, 3], [2, 2], [5, 1]]]
['X_projection', [[6, 10], [9, 9], [2, 8], [10, 7], [8, 6], [3, 5], [1, 4], [4, 3], [7, 2], [5, 1]]]
['X_projection', [[7, 10], [3, 9], [6, 8], [8, 7], [10, 6], [1, 5], [9, 4], [5, 3], [2, 2], [4, 1]]]
['X_projection', [[7, 10], [9, 9], [6, 8], [2, 7], [10, 6], [1, 5], [3, 4], [5, 3], [8, 2], [4, 1]]]
['Y_projection', [[6, 10], [4, 9], [7, 8], [10, 7], [8, 6], [3, 5], [1, 4], [9, 3], [2, 2], [5, 1]]]
['Y_projection', [[6, 10], [9, 9], [2, 8], [10, 7], [8, 6], [3, 5], [1, 4], [4, 3], [7, 2], [5, 1]]]
['Y_projection', [[7, 10], [3, 9], [6, 8], [8, 7], [10, 6], [1, 5], [9, 4], [5, 3], [2, 2], [4, 1]]]
['Y_projection', [[7, 10], [9, 9], [6, 8], [2, 7], [10, 6], [1, 5], [3, 4], [5, 3], [8, 2], [4, 1]]]
['normal', [[4, 10], [2, 9], [5, 8], [9, 7], [1, 6], [10, 5], [8, 4], [6, 3], [3, 2], [7, 1]]]
['normal', [[4, 10], [8, 9], [5, 8], [3, 7], [1, 6], [10, 5], [2, 4], [6, 3], [9, 2], [7, 1]]]
['normal', [[5, 10], [2, 9], [9, 8], [1, 7], [3, 6], [8, 5], [10, 4], [7, 3], [4, 2], [6, 1]]]
['normal', [[5, 10], [7, 9], [4, 8], [1, 7], [3, 6], [8, 5], [10, 4], [2, 3], [9, 2], [6, 1]]]
['rotate_180', [[4, 10], [2, 9], [5, 8], [9, 7], [1, 6], [10, 5], [8, 4], [6, 3], [3, 2], [7, 1]]]
['rotate_180', [[4, 10], [8, 9], [5, 8], [3, 7], [1, 6], [10, 5], [2, 4], [6, 3], [9, 2], [7, 1]]]
['rotate_180', [[5, 10], [2, 9], [9, 8], [1, 7], [3, 6], [8, 5], [10, 4], [7, 3], [4, 2], [6, 1]]]
['rotate_180', [[5, 10], [7, 9], [4, 8], [1, 7], [3, 6], [8, 5], [10, 4], [2, 3], [9, 2], [6, 1]]]
['rotate_270', [[6, 10], [4, 9], [7, 8], [10, 7], [8, 6], [3, 5], [1, 4], [9, 3], [2, 2], [5, 1]]]
['rotate_270', [[6, 10], [9, 9], [2, 8], [10, 7], [8, 6], [3, 5], [1, 4], [4, 3], [7, 2], [5, 1]]]
['rotate_270', [[7, 10], [3, 9], [6, 8], [8, 7], [10, 6], [1, 5], [9, 4], [5, 3], [2, 2], [4, 1]]]
['rotate_270', [[7, 10], [9, 9], [6, 8], [2, 7], [10, 6], [1, 5], [3, 4], [5, 3], [8, 2], [4, 1]]]
['rotate_90', [[6, 10], [4, 9], [7, 8], [10, 7], [8, 6], [3, 5], [1, 4], [9, 3], [2, 2], [5, 1]]]
['rotate_90', [[6, 10], [9, 9], [2, 8], [10, 7], [8, 6], [3, 5], [1, 4], [4, 3], [7, 2], [5, 1]]]
['rotate_90', [[7, 10], [3, 9], [6, 8], [8, 7], [10, 6], [1, 5], [9, 4], [5, 3], [2, 2], [4, 1]]]
['rotate_90', [[7, 10], [9, 9], [6, 8], [2, 7], [10, 6], [1, 5], [3, 4], [5, 3], [8, 2], [4, 1]]]
==================================
8
252  combinations
length:  0
==================================
9
252  combinations
length:  0
==================================
10
252  combinations
length:  0
==================================
