92
12
==================================
70
1
length:  16
['XY_projection', [[8, 8], [2, 7], [4, 6], [1, 5], [7, 4], [5, 3], [3, 2], [6, 1]]]
['XY_projection', [[8, 8], [4, 7], [1, 6], [3, 5], [6, 4], [2, 3], [7, 2], [5, 1]]]
['X_Y_exchange', [[3, 8], [6, 7], [4, 6], [2, 5], [8, 4], [5, 3], [7, 2], [1, 1]]]
['X_Y_exchange', [[4, 8], [2, 7], [7, 6], [3, 5], [6, 4], [8, 3], [5, 2], [1, 1]]]
['X_projection', [[1, 8], [5, 7], [8, 6], [6, 5], [3, 4], [7, 3], [2, 2], [4, 1]]]
['X_projection', [[1, 8], [7, 7], [5, 6], [8, 5], [2, 4], [4, 3], [6, 2], [3, 1]]]
['Y_projection', [[5, 8], [7, 7], [2, 6], [6, 5], [3, 4], [1, 3], [4, 2], [8, 1]]]
['Y_projection', [[6, 8], [3, 7], [5, 6], [7, 5], [1, 4], [4, 3], [2, 2], [8, 1]]]
['normal', [[3, 8], [6, 7], [4, 6], [2, 5], [8, 4], [5, 3], [7, 2], [1, 1]]]
['normal', [[4, 8], [2, 7], [7, 6], [3, 5], [6, 4], [8, 3], [5, 2], [1, 1]]]
['rotate_180', [[8, 8], [2, 7], [4, 6], [1, 5], [7, 4], [5, 3], [3, 2], [6, 1]]]
['rotate_180', [[8, 8], [4, 7], [1, 6], [3, 5], [6, 4], [2, 3], [7, 2], [5, 1]]]
['rotate_270', [[1, 8], [5, 7], [8, 6], [6, 5], [3, 4], [7, 3], [2, 2], [4, 1]]]
['rotate_270', [[1, 8], [7, 7], [5, 6], [8, 5], [2, 4], [4, 3], [6, 2], [3, 1]]]
['rotate_90', [[5, 8], [7, 7], [2, 6], [6, 5], [3, 4], [1, 3], [4, 2], [8, 1]]]
['rotate_90', [[6, 8], [3, 7], [5, 6], [7, 5], [1, 4], [4, 3], [2, 2], [8, 1]]]
==================================
2
length:  0
==================================
3
length:  16
['XY_projection', [[5, 8], [3, 7], [8, 6], [4, 5], [7, 4], [1, 3], [6, 2], [2, 1]]]
['XY_projection', [[6, 8], [4, 7], [2, 6], [8, 5], [5, 4], [7, 3], [1, 2], [3, 1]]]
['X_Y_exchange', [[6, 8], [8, 7], [2, 6], [4, 5], [1, 4], [7, 3], [5, 2], [3, 1]]]
['X_Y_exchange', [[7, 8], [3, 7], [8, 6], [2, 5], [5, 4], [1, 3], [6, 2], [4, 1]]]
['X_projection', [[3, 8], [5, 7], [7, 6], [1, 5], [4, 4], [2, 3], [8, 2], [6, 1]]]
['X_projection', [[4, 8], [6, 7], [1, 6], [5, 5], [2, 4], [8, 3], [3, 2], [7, 1]]]
['Y_projection', [[2, 8], [6, 7], [1, 6], [7, 5], [4, 4], [8, 3], [3, 2], [5, 1]]]
['Y_projection', [[3, 8], [1, 7], [7, 6], [5, 5], [8, 4], [2, 3], [4, 2], [6, 1]]]
['normal', [[6, 8], [8, 7], [2, 6], [4, 5], [1, 4], [7, 3], [5, 2], [3, 1]]]
['normal', [[7, 8], [3, 7], [8, 6], [2, 5], [5, 4], [1, 3], [6, 2], [4, 1]]]
['rotate_180', [[5, 8], [3, 7], [8, 6], [4, 5], [7, 4], [1, 3], [6, 2], [2, 1]]]
['rotate_180', [[6, 8], [4, 7], [2, 6], [8, 5], [5, 4], [7, 3], [1, 2], [3, 1]]]
['rotate_270', [[3, 8], [5, 7], [7, 6], [1, 5], [4, 4], [2, 3], [8, 2], [6, 1]]]
['rotate_270', [[4, 8], [6, 7], [1, 6], [5, 5], [2, 4], [8, 3], [3, 2], [7, 1]]]
['rotate_90', [[2, 8], [6, 7], [1, 6], [7, 5], [4, 4], [8, 3], [3, 2], [5, 1]]]
['rotate_90', [[3, 8], [1, 7], [7, 6], [5, 5], [8, 4], [2, 3], [4, 2], [6, 1]]]
==================================
4
length:  0
==================================
5
length:  16
['XY_projection', [[4, 8], [8, 7], [1, 6], [3, 5], [6, 4], [2, 3], [7, 2], [5, 1]]]
['XY_projection', [[7, 8], [2, 7], [4, 6], [1, 5], [8, 4], [5, 3], [3, 2], [6, 1]]]
['X_Y_exchange', [[3, 8], [6, 7], [4, 6], [1, 5], [8, 4], [5, 3], [7, 2], [2, 1]]]
['X_Y_exchange', [[4, 8], [2, 7], [7, 6], [3, 5], [6, 4], [8, 3], [1, 2], [5, 1]]]
['X_projection', [[2, 8], [7, 7], [5, 6], [8, 5], [1, 4], [4, 3], [6, 2], [3, 1]]]
['X_projection', [[5, 8], [1, 7], [8, 6], [6, 5], [3, 4], [7, 3], [2, 2], [4, 1]]]
['Y_projection', [[5, 8], [7, 7], [2, 6], [6, 5], [3, 4], [1, 3], [8, 2], [4, 1]]]
['Y_projection', [[6, 8], [3, 7], [5, 6], [8, 5], [1, 4], [4, 3], [2, 2], [7, 1]]]
['normal', [[3, 8], [6, 7], [4, 6], [1, 5], [8, 4], [5, 3], [7, 2], [2, 1]]]
['normal', [[4, 8], [2, 7], [7, 6], [3, 5], [6, 4], [8, 3], [1, 2], [5, 1]]]
['rotate_180', [[4, 8], [8, 7], [1, 6], [3, 5], [6, 4], [2, 3], [7, 2], [5, 1]]]
['rotate_180', [[7, 8], [2, 7], [4, 6], [1, 5], [8, 4], [5, 3], [3, 2], [6, 1]]]
['rotate_270', [[2, 8], [7, 7], [5, 6], [8, 5], [1, 4], [4, 3], [6, 2], [3, 1]]]
['rotate_270', [[5, 8], [1, 7], [8, 6], [6, 5], [3, 4], [7, 3], [2, 2], [4, 1]]]
['rotate_90', [[5, 8], [7, 7], [2, 6], [6, 5], [3, 4], [1, 3], [8, 2], [4, 1]]]
['rotate_90', [[6, 8], [3, 7], [5, 6], [8, 5], [1, 4], [4, 3], [2, 2], [7, 1]]]
==================================
6
length:  0
==================================
7
length:  0
==================================
8
length:  0
==================================
